1290695334111,849,308,2
1290695334221,849,305,2
1290695334236,849,301,2
1290695334252,850,292,2
1290695334267,854,278,2
1290695334267,860,258,2
1290695334283,867,236,2
1290695334299,874,214,2
1290695334314,878,199,2
1290695334330,882,187,2
1290695334330,883,183,2
1290695334345,885,182,2
1290695334377,885,180,2
1290695334423,885,179,2
1290695334486,884,179,2
1290695334501,880,180,2
1290695334517,876,181,2
1290695334517,870,183,2
1290695334533,861,185,2
1290695334548,854,188,2
1290695334564,848,188,2
1290695334579,843,189,2
1290695334579,841,189,2
1290695334595,838,191,2
1290695334611,837,192,2
1290695334626,836,193,2
1290695334626,834,196,2
1290695334642,833,197,2
1290695334657,832,199,2
1290695334673,831,201,2
1290695334689,830,201,2
1290695334689,828,202,2
1290695334704,827,203,2
1290695334735,826,203,2
1290695334751,825,204,2
1290695334751,824,204,2
1290695334767,821,204,2
1290695334782,820,204,2
1290695334798,818,204,2
1290695334813,815,204,2
1290695334813,814,204,2
1290695334829,813,204,2
1290695334845,811,204,2
1290695334860,810,204,2
1290695334876,808,204,2
1290695334876,807,204,2
1290695334891,805,204,2
1290695334907,804,204,2
1290695334923,803,204,2
1290695334985,-1,-1,0
1290695335047,803,204,2
1290695335110,-1,-1,0
1290695335235,803,204,2
1290695335547,109,695,2
1290695335562,109,696,2
1290695335578,109,697,2
1290695335578,111,700,2
1290695335593,114,703,2
1290695335609,117,708,2
1290695335625,126,717,2
1290695335640,141,730,2
1290695335640,159,748,2
1290695335656,188,777,2
1290695335671,224,796,2
1290695335687,259,797,2
1290695335703,298,794,2
1290695335703,336,787,2
1290695335718,361,779,2
1290695335734,381,771,2
1290695335749,393,771,2
1290695335765,402,769,2
1290695335765,408,767,2
1290695335937,401,759,2
1290695335952,394,749,2
1290695335968,387,734,2
1290695335983,381,720,2
1290695335999,379,711,2
1290695335999,379,700,2
1290695336015,382,688,2
1290695336030,391,665,2
1290695336046,412,634,2
1290695336061,436,605,2
1290695336061,470,582,2
1290695336077,498,565,2
1290695336093,523,553,2
1290695336108,538,545,2
1290695336124,545,539,2
1290695336124,548,536,2
1290695336139,549,534,2
1290695336155,549,532,2
1290695336186,549,531,2
1290695336186,549,529,2
1290695336202,549,524,2
1290695336217,549,522,2
1290695336233,549,520,2
1290695336249,552,518,2
1290695336264,563,514,2
1290695336280,579,514,2
1290695336295,609,514,2
1290695336295,652,521,2
1290695336311,713,538,2
1290695336327,763,551,2
1290695336342,811,560,2
1290695336358,849,568,2
1290695336358,872,575,2
1290695336373,886,581,2
1290695336389,893,582,2
1290695336405,894,582,2
1290695336654,901,582,2
1290695336670,910,582,2
1290695336685,922,576,2
1290695336701,933,574,2
1290695336717,945,570,2
1290695336717,954,568,2
1290695336732,963,566,2
1290695336748,975,562,2
1290695336763,981,561,2
1290695336779,987,559,2
1290695336779,994,558,2
1290695336795,998,558,2
1290695336810,1003,556,2
1290695336826,1005,556,2
1290695336841,1006,556,2
1290695337091,1012,553,2
1290695337107,1017,552,2
1290695337122,1021,550,2
1290695337138,1026,549,2
1290695337138,1028,547,2
1290695337153,1033,547,2
1290695337169,1035,547,2
1290695337185,1038,546,2
1290695337200,1041,546,2
1290695337200,1042,545,2
1290695337216,1043,544,2
1290695337231,1044,544,2
1290695337247,1047,542,2
1290695337263,1048,541,2
1290695337278,1049,540,2
1290695337309,1050,540,2
1290695337309,1052,539,2
1290695337325,1053,538,2
1290695337341,1055,538,2
1290695337356,1058,536,2
1290695337372,1059,535,2
1290695337372,1062,534,2
1290695337387,1064,534,2
1290695337403,1065,533,2
1290695337419,1067,533,2
1290695337434,1068,531,2
1290695337434,1069,531,2
1290695337450,1069,530,2
1290695337481,1070,530,2
1290695337497,1071,530,2
1290695337528,1072,530,2
1290695337575,1074,530,2
1290695337606,1075,530,2
1290695337606,1076,530,2
1290695337621,1078,530,2
1290695337637,1080,530,2
1290695337653,1082,530,2
1290695337668,1086,530,2
1290695337668,1089,530,2
1290695337684,1093,530,2
1290695337699,1096,530,2
1290695337715,1099,530,2
1290695337731,1100,530,2
1290695337731,1101,530,2
1290695337746,1102,530,2
1290695337777,1103,530,2
1290695338604,1105,530,2
1290695338620,1106,530,2
1290695338620,1107,532,2
1290695338635,1108,532,2
1290695338651,1109,532,2
1290695338682,1110,532,2
1290695338698,1112,532,2
1290695338760,1113,532,2
1290695338932,-1,-1,0
1290695338979,1113,532,2
1290695339072,-1,-1,0
1290695339181,1113,532,2
1290695339837,860,765,2
1290695339852,860,766,2
1290695339868,857,767,2
1290695339883,852,769,2
1290695339883,848,770,2
1290695339899,843,768,2
1290695339915,835,769,2
1290695339930,828,770,2
1290695339946,822,767,2
1290695339946,818,769,2
1290695339961,815,767,2
1290695339977,814,767,2
1290695339993,811,767,2
1290695340008,808,768,2
1290695340008,806,767,2
1290695340024,803,767,2
1290695340039,801,767,2
1290695340055,796,767,2
1290695340055,795,767,2
1290695340071,793,767,2
1290695340086,791,767,2
1290695340102,789,767,2
1290695340117,786,766,2
1290695340117,785,763,2
1290695340133,782,761,2
1290695340149,780,759,2
1290695340164,779,757,2
1290695340180,778,755,2
1290695340180,778,752,2
1290695340195,778,750,2
1290695340211,780,743,2
1290695340227,786,736,2
1290695340242,801,725,2
1290695340242,821,709,2
1290695340258,855,694,2
1290695340273,899,682,2
1290695340289,950,666,2
1290695340289,998,657,2
1290695340305,1037,646,2
1290695340320,1075,638,2
1290695340336,1105,635,2
1290695340351,1132,635,2
1290695340351,1155,639,2
1290695340367,1172,645,2
1290695340383,1184,651,2
1290695340398,1193,655,2
1290695340414,1198,657,2
1290695340414,1200,658,2
1290695340429,1202,658,2
1290695340461,1202,659,2
1290695340507,1199,659,2
1290695340523,1188,657,2
1290695340539,1173,650,2
1290695340539,1148,643,2
1290695340554,1123,639,2
1290695340570,1096,637,2
1290695340585,1069,637,2
1290695340601,1047,632,2
1290695340601,1027,628,2
1290695340617,1012,619,2
1290695340632,997,609,2
1290695340648,985,603,2
1290695340663,973,594,2
1290695340663,964,591,2
1290695340679,957,589,2
1290695340695,951,589,2
1290695340710,948,588,2
1290695340710,946,586,2
1290695340726,943,586,2
1290695340741,938,583,2
1290695340757,934,583,2
1290695340773,930,583,2
1290695340773,923,582,2
1290695340788,919,580,2
1290695340804,914,579,2
1290695340819,910,577,2
1290695340835,907,576,2
1290695340835,903,574,2
1290695340851,898,573,2
1290695340866,896,573,2
1290695340882,893,573,2
1290695340897,890,573,2
1290695340897,888,573,2
1290695340913,886,573,2
1290695340929,885,572,2
1290695340944,884,570,2
1290695340960,884,569,2
1290695340960,883,569,2
1290695340975,883,568,2
1290695341007,883,567,2
1290695341007,882,567,2
1290695341069,882,566,2
1290695341085,881,566,2
1290695341100,881,565,2
1290695341131,881,563,2
1290695341131,880,563,2
1290695341147,880,562,2
1290695341350,-1,-1,0
1290695341397,880,562,2
1290695341459,-1,-1,0
1290695341553,880,562,2
